9000,Z,1700000000000000000,0.0000,2.0000,10.5191;
9000,Z,1700000000050000000,1.3620,1.7820,11.0384;
9000,Z,1700000000100000000,2.4271,1.1756,11.2877;
9000,Z,1700000000150000000,2.9631,0.3129,11.2127;
9000,Z,1700000000200000000,2.8532,-0.6180,10.8297;
9000,Z,1700000000250000000,2.1213,-1.4142,10.2223;
9000,Z,1700000000300000000,0.9271,-1.9021,9.5228;
9000,Z,1700000000350000000,-0.4693,-1.9754,8.8838;
9000,Z,1700000000400000000,-1.7634,-1.6180,8.4445;
9000,Z,1700000000450000000,-2.6730,-0.9080,8.3006;
9000,Z,1700000000500000000,-3.0000,-0.0000,8.4836;
9000,Z,1700000000550000000,-2.6730,0.9080,8.9536;
9000,Z,1700000000600000000,-1.7634,1.6180,9.6080;
9000,Z,1700000000650000000,-0.4693,1.9754,10.3044;
9000,Z,1700000000700000000,0.9271,1.9021,10.8907;
9000,Z,1700000000750000000,2.1213,1.4142,11.2393;
9000,Z,1700000000800000000,2.8532,0.6180,11.2742;
9000,Z,1700000000850000000,2.9631,-0.3129,10.9877;
9000,Z,1700000000900000000,2.4271,-1.1756,10.4423;
9000,Z,1700000000950000000,1.3620,-1.7820,9.7569;
9000,Z,1700000001000000000,0.0000,-2.0000,9.0809;
9000,Z,1700000001050000000,-1.3620,-1.7820,8.5616;
9000,Z,1700000001100000000,-2.4271,-1.1756,8.3123;
9000,Z,1700000001150000000,-2.9631,-0.3129,8.3873;
9000,Z,1700000001200000000,-2.8532,0.6180,8.7703;
9000,Z,1700000001250000000,-2.1213,1.4142,9.3777;
9000,Z,1700000001300000000,-0.9271,1.9021,10.0772;
9000,Z,1700000001350000000,0.4693,1.9754,10.7162;
9000,Z,1700000001400000000,1.7634,1.6180,11.1555;
9000,Z,1700000001450000000,2.6730,0.9080,11.2994;
9000,Z,1700000001500000000,3.0000,0.0000,11.1164;
9000,Z,1700000001550000000,2.6730,-0.9080,10.6464;
9000,Z,1700000001600000000,1.7634,-1.6180,9.9920;
9000,Z,1700000001650000000,0.4693,-1.9754,9.2956;
9000,Z,1700000001700000000,-0.9271,-1.9021,8.7093;
9000,Z,1700000001750000000,-2.1213,-1.4142,8.3607;
9000,Z,1700000001800000000,-2.8532,-0.6180,8.3258;
9000,Z,1700000001850000000,-2.9631,0.3129,8.6123;
9000,Z,1700000001900000000,-2.4271,1.1756,9.1577;
9000,Z,1700000001950000000,-1.3620,1.7820,9.8431;
9000,Z,1700000002000000000,-0.0000,2.0000,10.5191;
9000,Z,1700000002050000000,1.3620,1.7820,11.0384;
9000,Z,1700000002100000000,2.4271,1.1756,11.2877;
9000,Z,1700000002150000000,2.9631,0.3129,11.2127;
9000,Z,1700000002200000000,2.8532,-0.6180,10.8297;
9000,Z,1700000002250000000,2.1213,-1.4142,10.2223;
9000,Z,1700000002300000000,0.9271,-1.9021,9.5228;
9000,Z,1700000002350000000,-0.4693,-1.9754,8.8838;
9000,Z,1700000002400000000,-1.7634,-1.6180,8.4445;
9000,Z,1700000002450000000,-2.6730,-0.9080,8.3006;
9000,Z,1700000002500000000,-3.0000,-0.0000,8.4836;
9000,Z,1700000002550000000,-2.6730,0.9080,8.9536;
9000,Z,1700000002600000000,-1.7634,1.6180,9.6080;
9000,Z,1700000002650000000,-0.4693,1.9754,10.3044;
9000,Z,1700000002700000000,0.9271,1.9021,10.8907;
9000,Z,1700000002750000000,2.1213,1.4142,11.2393;
9000,Z,1700000002800000000,2.8532,0.6180,11.2742;
9000,Z,1700000002850000000,2.9631,-0.3129,10.9877;
9000,Z,1700000002900000000,2.4271,-1.1756,10.4423;
9000,Z,1700000002950000000,1.3620,-1.7820,9.7569;
9000,Z,1700000003000000000,0.0000,-2.0000,9.0809;
9000,Z,1700000003050000000,-1.3620,-1.7820,8.5616;
9000,Z,1700000003100000000,-2.4271,-1.1756,8.3123;
9000,Z,1700000003150000000,-2.9631,-0.3129,8.3873;
9000,Z,1700000003200000000,-2.8532,0.6180,8.7703;
9000,Z,1700000003250000000,-2.1213,1.4142,9.3777;
9000,Z,1700000003300000000,-0.9271,1.9021,10.0772;
9000,Z,1700000003350000000,0.4693,1.9754,10.7162;
9000,Z,1700000003400000000,1.7634,1.6180,11.1555;
9000,Z,1700000003450000000,2.6730,0.9080,11.2994;
9000,Z,1700000003500000000,3.0000,-0.0000,11.1164;
9000,Z,1700000003550000000,2.6730,-0.9080,10.6464;
9000,Z,1700000003600000000,1.7634,-1.6180,9.9920;
9000,Z,1700000003650000000,0.4693,-1.9754,9.2956;
9000,Z,1700000003700000000,-0.9271,-1.9021,8.7093;
9000,Z,1700000003750000000,-2.1213,-1.4142,8.3607;
9000,Z,1700000003800000000,-2.8532,-0.6180,8.3258;
9000,Z,1700000003850000000,-2.9631,0.3129,8.6123;
9000,Z,1700000003900000000,-2.4271,1.1756,9.1577;
9000,Z,1700000003950000000,-1.3620,1.7820,9.8431;
9000,Z,1700000004000000000,-0.0000,2.0000,10.5191;
9000,Z,1700000004050000000,1.3620,1.7820,11.0384;
9000,Z,1700000004100000000,2.4271,1.1756,11.2877;
9000,Z,1700000004150000000,2.9631,0.3129,11.2127;
9000,Z,1700000004200000000,2.8532,-0.6180,10.8297;
9000,Z,1700000004250000000,2.1213,-1.4142,10.2223;
9000,Z,1700000004300000000,0.9271,-1.9021,9.5228;
9000,Z,1700000004350000000,-0.4693,-1.9754,8.8838;
9000,Z,1700000004400000000,-1.7634,-1.6180,8.4445;
9000,Z,1700000004450000000,-2.6730,-0.9080,8.3006;
9000,Z,1700000004500000000,-3.0000,-0.0000,8.4836;
9000,Z,1700000004550000000,-2.6730,0.9080,8.9536;
9000,Z,1700000004600000000,-1.7634,1.6180,9.6080;
9000,Z,1700000004650000000,-0.4693,1.9754,10.3044;
9000,Z,1700000004700000000,0.9271,1.9021,10.8907;
9000,Z,1700000004750000000,2.1213,1.4142,11.2393;
9000,Z,1700000004800000000,2.8532,0.6180,11.2742;
9000,Z,1700000004850000000,2.9631,-0.3129,10.9877;
9000,Z,1700000004900000000,2.4271,-1.1756,10.4423;
9000,Z,1700000004950000000,1.3620,-1.7820,9.7569;
9000,Z,1700000005000000000,0.0000,-2.0000,9.0809;
9000,Z,1700000005050000000,-1.3620,-1.7820,8.5616;
9000,Z,1700000005100000000,-2.4271,-1.1756,8.3123;
9000,Z,1700000005150000000,-2.9631,-0.3129,8.3873;
9000,Z,1700000005200000000,-2.8532,0.6180,8.7703;
9000,Z,1700000005250000000,-2.1213,1.4142,9.3777;
9000,Z,1700000005300000000,-0.9271,1.9021,10.0772;
9000,Z,1700000005350000000,0.4693,1.9754,10.7162;
9000,Z,1700000005400000000,1.7634,1.6180,11.1555;
9000,Z,1700000005450000000,2.6730,0.9080,11.2994;
9000,Z,1700000005500000000,3.0000,0.0000,11.1164;
9000,Z,1700000005550000000,2.6730,-0.9080,10.6464;
9000,Z,1700000005600000000,1.7634,-1.6180,9.9920;
9000,Z,1700000005650000000,0.4693,-1.9754,9.2956;
9000,Z,1700000005700000000,-0.9271,-1.9021,8.7093;
9000,Z,1700000005750000000,-2.1213,-1.4142,8.3607;
9000,Z,1700000005800000000,-2.8532,-0.6180,8.3258;
9000,Z,1700000005850000000,-2.9631,0.3129,8.6123;
9000,Z,1700000005900000000,-2.4271,1.1756,9.1577;
9000,Z,1700000005950000000,-1.3620,1.7820,9.8431;
9000,Z,1700000006000000000,-0.0000,2.0000,10.5191;
9000,Z,1700000006050000000,1.3620,1.7820,11.0384;
9000,Z,1700000006100000000,2.4271,1.1756,11.2877;
9000,Z,1700000006150000000,2.9631,0.3129,11.2127;
9000,Z,1700000006200000000,2.8532,-0.6180,10.8297;
9000,Z,1700000006250000000,2.1213,-1.4142,10.2223;
9000,Z,1700000006300000000,0.9271,-1.9021,9.5228;
9000,Z,1700000006350000000,-0.4693,-1.9754,8.8838;
9000,Z,1700000006400000000,-1.7634,-1.6180,8.4445;
9000,Z,1700000006450000000,-2.6730,-0.9080,8.3006;
9000,Z,1700000006500000000,-3.0000,-0.0000,8.4836;
9000,Z,1700000006550000000,-2.6730,0.9080,8.9536;
9000,Z,1700000006600000000,-1.7634,1.6180,9.6080;
9000,Z,1700000006650000000,-0.4693,1.9754,10.3044;
9000,Z,1700000006700000000,0.9271,1.9021,10.8907;
9000,Z,1700000006750000000,2.1213,1.4142,11.2393;
9000,Z,1700000006800000000,2.8532,0.6180,11.2742;
9000,Z,1700000006850000000,2.9631,-0.3129,10.9877;
9000,Z,1700000006900000000,2.4271,-1.1756,10.4423;
9000,Z,1700000006950000000,1.3620,-1.7820,9.7569;
9000,Z,1700000007000000000,-0.0000,-2.0000,9.0809;
9000,Z,1700000007050000000,-1.3620,-1.7820,8.5616;
9000,Z,1700000007100000000,-2.4271,-1.1756,8.3123;
9000,Z,1700000007150000000,-2.9631,-0.3129,8.3873;
9000,Z,1700000007200000000,-2.8532,0.6180,8.7703;
9000,Z,1700000007250000000,-2.1213,1.4142,9.3777;
9000,Z,1700000007300000000,-0.9271,1.9021,10.0772;
9000,Z,1700000007350000000,0.4693,1.9754,10.7162;
9000,Z,1700000007400000000,1.7634,1.6180,11.1555;
9000,Z,1700000007450000000,2.6730,0.9080,11.2994;
9000,Z,1700000007500000000,3.0000,0.0000,11.1164;
9000,Z,1700000007550000000,2.6730,-0.9080,10.6464;
9000,Z,1700000007600000000,1.7634,-1.6180,9.9920;
9000,Z,1700000007650000000,0.4693,-1.9754,9.2956;
9000,Z,1700000007700000000,-0.9271,-1.9021,8.7093;
9000,Z,1700000007750000000,-2.1213,-1.4142,8.3607;
9000,Z,1700000007800000000,-2.8532,-0.6180,8.3258;
9000,Z,1700000007850000000,-2.9631,0.3129,8.6123;
9000,Z,1700000007900000000,-2.4271,1.1756,9.1577;
9000,Z,1700000007950000000,-1.3620,1.7820,9.8431;
9000,Z,1700000008000000000,-0.0000,2.0000,10.5191;
9000,Z,1700000008050000000,1.3620,1.7820,11.0384;
9000,Z,1700000008100000000,2.4271,1.1756,11.2877;
9000,Z,1700000008150000000,2.9631,0.3129,11.2127;
9000,Z,1700000008200000000,2.8532,-0.6180,10.8297;
9000,Z,1700000008250000000,2.1213,-1.4142,10.2223;
9000,Z,1700000008300000000,0.9271,-1.9021,9.5228;
9000,Z,1700000008350000000,-0.4693,-1.9754,8.8838;
9000,Z,1700000008400000000,-1.7634,-1.6180,8.4445;
9000,Z,1700000008450000000,-2.6730,-0.9080,8.3006;
9000,Z,1700000008500000000,-3.0000,-0.0000,8.4836;
9000,Z,1700000008550000000,-2.6730,0.9080,8.9536;
9000,Z,1700000008600000000,-1.7634,1.6180,9.6080;
9000,Z,1700000008650000000,-0.4693,1.9754,10.3044;
9000,Z,1700000008700000000,0.9271,1.9021,10.8907;
9000,Z,1700000008750000000,2.1213,1.4142,11.2393;
9000,Z,1700000008800000000,2.8532,0.6180,11.2742;
9000,Z,1700000008850000000,2.9631,-0.3129,10.9877;
9000,Z,1700000008900000000,2.4271,-1.1756,10.4423;
9000,Z,1700000008950000000,1.3620,-1.7820,9.7569;
9000,Z,1700000009000000000,0.0000,-2.0000,9.0809;
9000,Z,1700000009050000000,-1.3620,-1.7820,8.5616;
9000,Z,1700000009100000000,-2.4271,-1.1756,8.3123;
9000,Z,1700000009150000000,-2.9631,-0.3129,8.3873;
9000,Z,1700000009200000000,-2.8532,0.6180,8.7703;
9000,Z,1700000009250000000,-2.1213,1.4142,9.3777;
9000,Z,1700000009300000000,-0.9271,1.9021,10.0772;
9000,Z,1700000009350000000,0.4693,1.9754,10.7162;
9000,Z,1700000009400000000,1.7634,1.6180,11.1555;
9000,Z,1700000009450000000,2.6730,0.9080,11.2994;
9000,Z,1700000009500000000,3.0000,-0.0000,11.1164;
9000,Z,1700000009550000000,2.6730,-0.9080,10.6464;
9000,Z,1700000009600000000,1.7634,-1.6180,9.9920;
9000,Z,1700000009650000000,0.4693,-1.9754,9.2956;
9000,Z,1700000009700000000,-0.9271,-1.9021,8.7093;
9000,Z,1700000009750000000,-2.1213,-1.4142,8.3607;
9000,Z,1700000009800000000,-2.8532,-0.6180,8.3258;
9000,Z,1700000009850000000,-2.9631,0.3129,8.6123;
9000,Z,1700000009900000000,-2.4271,1.1756,9.1577;
9000,Z,1700000009950000000,-1.3620,1.7820,9.8431;
9000,Z,1700000010000000000,-0.0000,2.0000,10.5191;
9000,Z,1700000010050000000,1.3620,1.7820,11.0384;
9000,Z,1700000010100000000,2.4271,1.1756,11.2877;
9000,Z,1700000010150000000,2.9631,0.3129,11.2127;
9000,Z,1700000010200000000,2.8532,-0.6180,10.8297;
9000,Z,1700000010250000000,2.1213,-1.4142,10.2223;
9000,Z,1700000010300000000,0.9271,-1.9021,9.5228;
9000,Z,1700000010350000000,-0.4693,-1.9754,8.8838;
9000,Z,1700000010400000000,-1.7634,-1.6180,8.4445;
9000,Z,1700000010450000000,-2.6730,-0.9080,8.3006;
9000,Z,1700000010500000000,-3.0000,0.0000,8.4836;
9000,Z,1700000010550000000,-2.6730,0.9080,8.9536;
9000,Z,1700000010600000000,-1.7634,1.6180,9.6080;
9000,Z,1700000010650000000,-0.4693,1.9754,10.3044;
9000,Z,1700000010700000000,0.9271,1.9021,10.8907;
9000,Z,1700000010750000000,2.1213,1.4142,11.2393;
9000,Z,1700000010800000000,2.8532,0.6180,11.2742;
9000,Z,1700000010850000000,2.9631,-0.3129,10.9877;
9000,Z,1700000010900000000,2.4271,-1.1756,10.4423;
9000,Z,1700000010950000000,1.3620,-1.7820,9.7569;
9000,Z,1700000011000000000,0.0000,-2.0000,9.0809;
9000,Z,1700000011050000000,-1.3620,-1.7820,8.5616;
9000,Z,1700000011100000000,-2.4271,-1.1756,8.3123;
9000,Z,1700000011150000000,-2.9631,-0.3129,8.3873;
9000,Z,1700000011200000000,-2.8532,0.6180,8.7703;
9000,Z,1700000011250000000,-2.1213,1.4142,9.3777;
9000,Z,1700000011300000000,-0.9271,1.9021,10.0772;
9000,Z,1700000011350000000,0.4693,1.9754,10.7162;
9000,Z,1700000011400000000,1.7634,1.6180,11.1555;
9000,Z,1700000011450000000,2.6730,0.9080,11.2994;
9000,Z,1700000011500000000,3.0000,0.0000,11.1164;
9000,Z,1700000011550000000,2.6730,-0.9080,10.6464;
9000,Z,1700000011600000000,1.7634,-1.6180,9.9920;
9000,Z,1700000011650000000,0.4693,-1.9754,9.2956;
9000,Z,1700000011700000000,-0.9271,-1.9021,8.7093;
9000,Z,1700000011750000000,-2.1213,-1.4142,8.3607;
9000,Z,1700000011800000000,-2.8532,-0.6180,8.3258;
9000,Z,1700000011850000000,-2.9631,0.3129,8.6123;
9000,Z,1700000011900000000,-2.4271,1.1756,9.1577;
9000,Z,1700000011950000000,-1.3620,1.7820,9.8431;
9000,Z,1700000012000000000,-0.0000,2.0000,10.5191;
9000,Z,1700000012050000000,1.3620,1.7820,11.0384;
9000,Z,1700000012100000000,2.4271,1.1756,11.2877;
9000,Z,1700000012150000000,2.9631,0.3129,11.2127;
9000,Z,1700000012200000000,2.8532,-0.6180,10.8297;
9000,Z,1700000012250000000,2.1213,-1.4142,10.2223;
9000,Z,1700000012300000000,0.9271,-1.9021,9.5228;
9000,Z,1700000012350000000,-0.4693,-1.9754,8.8838;
9000,Z,1700000012400000000,-1.7634,-1.6180,8.4445;
9000,Z,1700000012450000000,-2.6730,-0.9080,8.3006;
9000,Z,1700000012500000000,-3.0000,-0.0000,8.4836;
9000,Z,1700000012550000000,-2.6730,0.9080,8.9536;
9000,Z,1700000012600000000,-1.7634,1.6180,9.6080;
9000,Z,1700000012650000000,-0.4693,1.9754,10.3044;
9000,Z,1700000012700000000,0.9271,1.9021,10.8907;
9000,Z,1700000012750000000,2.1213,1.4142,11.2393;
9000,Z,1700000012800000000,2.8532,0.6180,11.2742;
9000,Z,1700000012850000000,2.9631,-0.3129,10.9877;
9000,Z,1700000012900000000,2.4271,-1.1756,10.4423;
9000,Z,1700000012950000000,1.3620,-1.7820,9.7569;
9000,Z,1700000013000000000,0.0000,-2.0000,9.0809;
9000,Z,1700000013050000000,-1.3620,-1.7820,8.5616;
9000,Z,1700000013100000000,-2.4271,-1.1756,8.3123;
9000,Z,1700000013150000000,-2.9631,-0.3129,8.3873;
9000,Z,1700000013200000000,-2.8532,0.6180,8.7703;
9000,Z,1700000013250000000,-2.1213,1.4142,9.3777;
9000,Z,1700000013300000000,-0.9271,1.9021,10.0772;
9000,Z,1700000013350000000,0.4693,1.9754,10.7162;
9000,Z,1700000013400000000,1.7634,1.6180,11.1555;
9000,Z,1700000013450000000,2.6730,0.9080,11.2994;
9000,Z,1700000013500000000,3.0000,0.0000,11.1164;
9000,Z,1700000013550000000,2.6730,-0.9080,10.6464;
9000,Z,1700000013600000000,1.7634,-1.6180,9.9920;
9000,Z,1700000013650000000,0.4693,-1.9754,9.2956;
9000,Z,1700000013700000000,-0.9271,-1.9021,8.7093;
9000,Z,1700000013750000000,-2.1213,-1.4142,8.3607;
9000,Z,1700000013800000000,-2.8532,-0.6180,8.3258;
9000,Z,1700000013850000000,-2.9631,0.3129,8.6123;
9000,Z,1700000013900000000,-2.4271,1.1756,9.1577;
9000,Z,1700000013950000000,-1.3620,1.7820,9.8431;
9000,Z,1700000014000000000,0.0000,2.0000,10.5191;
9000,Z,1700000014050000000,1.3620,1.7820,11.0384;
9000,Z,1700000014100000000,2.4271,1.1756,11.2877;
9000,Z,1700000014150000000,2.9631,0.3129,11.2127;
9000,Z,1700000014200000000,2.8532,-0.6180,10.8297;
9000,Z,1700000014250000000,2.1213,-1.4142,10.2223;
9000,Z,1700000014300000000,0.9271,-1.9021,9.5228;
9000,Z,1700000014350000000,-0.4693,-1.9754,8.8838;
9000,Z,1700000014400000000,-1.7634,-1.6180,8.4445;
9000,Z,1700000014450000000,-2.6730,-0.9080,8.3006;
9000,Z,1700000014500000000,-3.0000,-0.0000,8.4836;
9000,Z,1700000014550000000,-2.6730,0.9080,8.9536;
9000,Z,1700000014600000000,-1.7634,1.6180,9.6080;
9000,Z,1700000014650000000,-0.4693,1.9754,10.3044;
9000,Z,1700000014700000000,0.9271,1.9021,10.8907;
9000,Z,1700000014750000000,2.1213,1.4142,11.2393;
9000,Z,1700000014800000000,2.8532,0.6180,11.2742;
9000,Z,1700000014850000000,2.9631,-0.3129,10.9877;
9000,Z,1700000014900000000,2.4271,-1.1756,10.4423;
9000,Z,1700000014950000000,1.3620,-1.7820,9.7569;
9000,Z,1700000015000000000,0.0000,-2.0000,9.0809;
9000,Z,1700000015050000000,-1.3620,-1.7820,8.5616;
9000,Z,1700000015100000000,-2.4271,-1.1756,8.3123;
9000,Z,1700000015150000000,-2.9631,-0.3129,8.3873;
9000,Z,1700000015200000000,-2.8532,0.6180,8.7703;
9000,Z,1700000015250000000,-2.1213,1.4142,9.3777;
9000,Z,1700000015300000000,-0.9271,1.9021,10.0772;
9000,Z,1700000015350000000,0.4693,1.9754,10.7162;
9000,Z,1700000015400000000,1.7634,1.6180,11.1555;
9000,Z,1700000015450000000,2.6730,0.9080,11.2994;
9000,Z,1700000015500000000,3.0000,0.0000,11.1164;
9000,Z,1700000015550000000,2.6730,-0.9080,10.6464;
9000,Z,1700000015600000000,1.7634,-1.6180,9.9920;
9000,Z,1700000015650000000,0.4693,-1.9754,9.2956;
9000,Z,1700000015700000000,-0.9271,-1.9021,8.7093;
9000,Z,1700000015750000000,-2.1213,-1.4142,8.3607;
9000,Z,1700000015800000000,-2.8532,-0.6180,8.3258;
9000,Z,1700000015850000000,-2.9631,0.3129,8.6123;
9000,Z,1700000015900000000,-2.4271,1.1756,9.1577;
9000,Z,1700000015950000000,-1.3620,1.7820,9.8431;
9000,Z,1700000016000000000,-0.0000,2.0000,10.5191;
9000,Z,1700000016050000000,1.3620,1.7820,11.0384;
9000,Z,1700000016100000000,2.4271,1.1756,11.2877;
9000,Z,1700000016150000000,2.9631,0.3129,11.2127;
9000,Z,1700000016200000000,2.8532,-0.6180,10.8297;
9000,Z,1700000016250000000,2.1213,-1.4142,10.2223;
9000,Z,1700000016300000000,0.9271,-1.9021,9.5228;
9000,Z,1700000016350000000,-0.4693,-1.9754,8.8838;
9000,Z,1700000016400000000,-1.7634,-1.6180,8.4445;
9000,Z,1700000016450000000,-2.6730,-0.9080,8.3006;
9000,Z,1700000016500000000,-3.0000,0.0000,8.4836;
9000,Z,1700000016550000000,-2.6730,0.9080,8.9536;
9000,Z,1700000016600000000,-1.7634,1.6180,9.6080;
9000,Z,1700000016650000000,-0.4693,1.9754,10.3044;
9000,Z,1700000016700000000,0.9271,1.9021,10.8907;
9000,Z,1700000016750000000,2.1213,1.4142,11.2393;
9000,Z,1700000016800000000,2.8532,0.6180,11.2742;
9000,Z,1700000016850000000,2.9631,-0.3129,10.9877;
9000,Z,1700000016900000000,2.4271,-1.1756,10.4423;
9000,Z,1700000016950000000,1.3620,-1.7820,9.7569;
9000,Z,1700000017000000000,0.0000,-2.0000,9.0809;
9000,Z,1700000017050000000,-1.3620,-1.7820,8.5616;
9000,Z,1700000017100000000,-2.4271,-1.1756,8.3123;
9000,Z,1700000017150000000,-2.9631,-0.3129,8.3873;
9000,Z,1700000017200000000,-2.8532,0.6180,8.7703;
9000,Z,1700000017250000000,-2.1213,1.4142,9.3777;
9000,Z,1700000017300000000,-0.9271,1.9021,10.0772;
9000,Z,1700000017350000000,0.4693,1.9754,10.7162;
9000,Z,1700000017400000000,1.7634,1.6180,11.1555;
9000,Z,1700000017450000000,2.6730,0.9080,11.2994;
9000,Z,1700000017500000000,3.0000,-0.0000,11.1164;
9000,Z,1700000017550000000,2.6730,-0.9080,10.6464;
9000,Z,1700000017600000000,1.7634,-1.6180,9.9920;
9000,Z,1700000017650000000,0.4693,-1.9754,9.2956;
9000,Z,1700000017700000000,-0.9271,-1.9021,8.7093;
9000,Z,1700000017750000000,-2.1213,-1.4142,8.3607;
9000,Z,1700000017800000000,-2.8532,-0.6180,8.3258;
9000,Z,1700000017850000000,-2.9631,0.3129,8.6123;
9000,Z,1700000017900000000,-2.4271,1.1756,9.1577;
9000,Z,1700000017950000000,-1.3620,1.7820,9.8431;
9000,Z,1700000018000000000,-0.0000,2.0000,10.5191;
9000,Z,1700000018050000000,1.3620,1.7820,11.0384;
9000,Z,1700000018100000000,2.4271,1.1756,11.2877;
9000,Z,1700000018150000000,2.9631,0.3129,11.2127;
9000,Z,1700000018200000000,2.8532,-0.6180,10.8297;
9000,Z,1700000018250000000,2.1213,-1.4142,10.2223;
9000,Z,1700000018300000000,0.9271,-1.9021,9.5228;
9000,Z,1700000018350000000,-0.4693,-1.9754,8.8838;
9000,Z,1700000018400000000,-1.7634,-1.6180,8.4445;
9000,Z,1700000018450000000,-2.6730,-0.9080,8.3006;
9000,Z,1700000018500000000,-3.0000,-0.0000,8.4836;
9000,Z,1700000018550000000,-2.6730,0.9080,8.9536;
9000,Z,1700000018600000000,-1.7634,1.6180,9.6080;
9000,Z,1700000018650000000,-0.4693,1.9754,10.3044;
9000,Z,1700000018700000000,0.9271,1.9021,10.8907;
9000,Z,1700000018750000000,2.1213,1.4142,11.2393;
9000,Z,1700000018800000000,2.8532,0.6180,11.2742;
9000,Z,1700000018850000000,2.9631,-0.3129,10.9877;
9000,Z,1700000018900000000,2.4271,-1.1756,10.4423;
9000,Z,1700000018950000000,1.3620,-1.7820,9.7569;
9000,Z,1700000019000000000,-0.0000,-2.0000,9.0809;
9000,Z,1700000019050000000,-1.3620,-1.7820,8.5616;
9000,Z,1700000019100000000,-2.4271,-1.1756,8.3123;
9000,Z,1700000019150000000,-2.9631,-0.3129,8.3873;
9000,Z,1700000019200000000,-2.8532,0.6180,8.7703;
9000,Z,1700000019250000000,-2.1213,1.4142,9.3777;
9000,Z,1700000019300000000,-0.9271,1.9021,10.0772;
9000,Z,1700000019350000000,0.4693,1.9754,10.7162;
9000,Z,1700000019400000000,1.7634,1.6180,11.1555;
9000,Z,1700000019450000000,2.6730,0.9080,11.2994;
9000,Z,1700000019500000000,3.0000,0.0000,11.1164;
9000,Z,1700000019550000000,2.6730,-0.9080,10.6464;
9000,Z,1700000019600000000,1.7634,-1.6180,9.9920;
9000,Z,1700000019650000000,0.4693,-1.9754,9.2956;
9000,Z,1700000019700000000,-0.9271,-1.9021,8.7093;
9000,Z,1700000019750000000,-2.1213,-1.4142,8.3607;
9000,Z,1700000019800000000,-2.8532,-0.6180,8.3258;
9000,Z,1700000019850000000,-2.9631,0.3129,8.6123;
9000,Z,1700000019900000000,-2.4271,1.1756,9.1577;
9000,Z,1700000019950000000,-1.3620,1.7820,9.8431;
9000,Z,1700000020000000000,-0.0000,2.0000,10.5191;
9000,Z,1700000020050000000,1.3620,1.7820,11.0384;
9000,Z,1700000020100000000,2.4271,1.1756,11.2877;
9000,Z,1700000020150000000,2.9631,0.3129,11.2127;
9000,Z,1700000020200000000,2.8532,-0.6180,10.8297;
9000,Z,1700000020250000000,2.1213,-1.4142,10.2223;
9000,Z,1700000020300000000,0.9271,-1.9021,9.5228;
9000,Z,1700000020350000000,-0.4693,-1.9754,8.8838;
9000,Z,1700000020400000000,-1.7634,-1.6180,8.4445;
9000,Z,1700000020450000000,-2.6730,-0.9080,8.3006;
9000,Z,1700000020500000000,-3.0000,-0.0000,8.4836;
9000,Z,1700000020550000000,-2.6730,0.9080,8.9536;
9000,Z,1700000020600000000,-1.7634,1.6180,9.6080;
9000,Z,1700000020650000000,-0.4693,1.9754,10.3044;
9000,Z,1700000020700000000,0.9271,1.9021,10.8907;
9000,Z,1700000020750000000,2.1213,1.4142,11.2393;
9000,Z,1700000020800000000,2.8532,0.6180,11.2742;
9000,Z,1700000020850000000,2.9631,-0.3129,10.9877;
9000,Z,1700000020900000000,2.4271,-1.1756,10.4423;
9000,Z,1700000020950000000,1.3620,-1.7820,9.7569;
9000,Z,1700000021000000000,-0.0000,-2.0000,9.0809;
9000,Z,1700000021050000000,-1.3620,-1.7820,8.5616;
9000,Z,1700000021100000000,-2.4271,-1.1756,8.3123;
9000,Z,1700000021150000000,-2.9631,-0.3129,8.3873;
9000,Z,1700000021200000000,-2.8532,0.6180,8.7703;
9000,Z,1700000021250000000,-2.1213,1.4142,9.3777;
9000,Z,1700000021300000000,-0.9271,1.9021,10.0772;
9000,Z,1700000021350000000,0.4693,1.9754,10.7162;
9000,Z,1700000021400000000,1.7634,1.6180,11.1555;
9000,Z,1700000021450000000,2.6730,0.9080,11.2994;
9000,Z,1700000021500000000,3.0000,0.0000,11.1164;
9000,Z,1700000021550000000,2.6730,-0.9080,10.6464;
9000,Z,1700000021600000000,1.7634,-1.6180,9.9920;
9000,Z,1700000021650000000,0.4693,-1.9754,9.2956;
9000,Z,1700000021700000000,-0.9271,-1.9021,8.7093;
9000,Z,1700000021750000000,-2.1213,-1.4142,8.3607;
9000,Z,1700000021800000000,-2.8532,-0.6180,8.3258;
9000,Z,1700000021850000000,-2.9631,0.3129,8.6123;
9000,Z,1700000021900000000,-2.4271,1.1756,9.1577;
9000,Z,1700000021950000000,-1.3620,1.7820,9.8431;
9000,Z,1700000022000000000,-0.0000,2.0000,10.5191;
9000,Z,1700000022050000000,1.3620,1.7820,11.0384;
9000,Z,1700000022100000000,2.4271,1.1756,11.2877;
9000,Z,1700000022150000000,2.9631,0.3129,11.2127;
9000,Z,1700000022200000000,2.8532,-0.6180,10.8297;
9000,Z,1700000022250000000,2.1213,-1.4142,10.2223;
9000,Z,1700000022300000000,0.9271,-1.9021,9.5228;
9000,Z,1700000022350000000,-0.4693,-1.9754,8.8838;
9000,Z,1700000022400000000,-1.7634,-1.6180,8.4445;
9000,Z,1700000022450000000,-2.6730,-0.9080,8.3006;
9000,Z,1700000022500000000,-3.0000,0.0000,8.4836;
9000,Z,1700000022550000000,-2.6730,0.9080,8.9536;
9000,Z,1700000022600000000,-1.7634,1.6180,9.6080;
9000,Z,1700000022650000000,-0.4693,1.9754,10.3044;
9000,Z,1700000022700000000,0.9271,1.9021,10.8907;
9000,Z,1700000022750000000,2.1213,1.4142,11.2393;
9000,Z,1700000022800000000,2.8532,0.6180,11.2742;
9000,Z,1700000022850000000,2.9631,-0.3129,10.9877;
9000,Z,1700000022900000000,2.4271,-1.1756,10.4423;
9000,Z,1700000022950000000,1.3620,-1.7820,9.7569;
9000,Z,1700000023000000000,0.0000,-2.0000,9.0809;
9000,Z,1700000023050000000,-1.3620,-1.7820,8.5616;
9000,Z,1700000023100000000,-2.4271,-1.1756,8.3123;
9000,Z,1700000023150000000,-2.9631,-0.3129,8.3873;
9000,Z,1700000023200000000,-2.8532,0.6180,8.7703;
9000,Z,1700000023250000000,-2.1213,1.4142,9.3777;
9000,Z,1700000023300000000,-0.9271,1.9021,10.0772;
9000,Z,1700000023350000000,0.4693,1.9754,10.7162;
9000,Z,1700000023400000000,1.7634,1.6180,11.1555;
9000,Z,1700000023450000000,2.6730,0.9080,11.2994;
9000,Z,1700000023500000000,3.0000,-0.0000,11.1164;
9000,Z,1700000023550000000,2.6730,-0.9080,10.6464;
9000,Z,1700000023600000000,1.7634,-1.6180,9.9920;
9000,Z,1700000023650000000,0.4693,-1.9754,9.2956;
9000,Z,1700000023700000000,-0.9271,-1.9021,8.7093;
9000,Z,1700000023750000000,-2.1213,-1.4142,8.3607;
9000,Z,1700000023800000000,-2.8532,-0.6180,8.3258;
9000,Z,1700000023850000000,-2.9631,0.3129,8.6123;
9000,Z,1700000023900000000,-2.4271,1.1756,9.1577;
9000,Z,1700000023950000000,-1.3620,1.7820,9.8431;
9000,Z,1700000024000000000,-0.0000,2.0000,10.5191;
9000,Z,1700000024050000000,1.3620,1.7820,11.0384;
9000,Z,1700000024100000000,2.4271,1.1756,11.2877;
9000,Z,1700000024150000000,2.9631,0.3129,11.2127;
9000,Z,1700000024200000000,2.8532,-0.6180,10.8297;
9000,Z,1700000024250000000,2.1213,-1.4142,10.2223;
9000,Z,1700000024300000000,0.9271,-1.9021,9.5228;
9000,Z,1700000024350000000,-0.4693,-1.9754,8.8838;
9000,Z,1700000024400000000,-1.7634,-1.6180,8.4445;
9000,Z,1700000024450000000,-2.6730,-0.9080,8.3006;
9000,Z,1700000024500000000,-3.0000,0.0000,8.4836;
9000,Z,1700000024550000000,-2.6730,0.9080,8.9536;
9000,Z,1700000024600000000,-1.7634,1.6180,9.6080;
9000,Z,1700000024650000000,-0.4693,1.9754,10.3044;
9000,Z,1700000024700000000,0.9271,1.9021,10.8907;
9000,Z,1700000024750000000,2.1213,1.4142,11.2393;
9000,Z,1700000024800000000,2.8532,0.6180,11.2742;
9000,Z,1700000024850000000,2.9631,-0.3129,10.9877;
9000,Z,1700000024900000000,2.4271,-1.1756,10.4423;
9000,Z,1700000024950000000,1.3620,-1.7820,9.7569;
9000,Z,1700000025000000000,0.0000,-2.0000,9.0809;
9000,Z,1700000025050000000,-1.3620,-1.7820,8.5616;
9000,Z,1700000025100000000,-2.4271,-1.1756,8.3123;
9000,Z,1700000025150000000,-2.9631,-0.3129,8.3873;
9000,Z,1700000025200000000,-2.8532,0.6180,8.7703;
9000,Z,1700000025250000000,-2.1213,1.4142,9.3777;
9000,Z,1700000025300000000,-0.9271,1.9021,10.0772;
9000,Z,1700000025350000000,0.4693,1.9754,10.7162;
9000,Z,1700000025400000000,1.7634,1.6180,11.1555;
9000,Z,1700000025450000000,2.6730,0.9080,11.2994;
9000,Z,1700000025500000000,3.0000,0.0000,11.1164;
9000,Z,1700000025550000000,2.6730,-0.9080,10.6464;
9000,Z,1700000025600000000,1.7634,-1.6180,9.9920;
9000,Z,1700000025650000000,0.4693,-1.9754,9.2956;
9000,Z,1700000025700000000,-0.9271,-1.9021,8.7093;
9000,Z,1700000025750000000,-2.1213,-1.4142,8.3607;
9000,Z,1700000025800000000,-2.8532,-0.6180,8.3258;
9000,Z,1700000025850000000,-2.9631,0.3129,8.6123;
9000,Z,1700000025900000000,-2.4271,1.1756,9.1577;
9000,Z,1700000025950000000,-1.3620,1.7820,9.8431;
9000,Z,1700000026000000000,-0.0000,2.0000,10.5191;
9000,Z,1700000026050000000,1.3620,1.7820,11.0384;
9000,Z,1700000026100000000,2.4271,1.1756,11.2877;
9000,Z,1700000026150000000,2.9631,0.3129,11.2127;
9000,Z,1700000026200000000,2.8532,-0.6180,10.8297;
9000,Z,1700000026250000000,2.1213,-1.4142,10.2223;
9000,Z,1700000026300000000,0.9271,-1.9021,9.5228;
9000,Z,1700000026350000000,-0.4693,-1.9754,8.8838;
9000,Z,1700000026400000000,-1.7634,-1.6180,8.4445;
9000,Z,1700000026450000000,-2.6730,-0.9080,8.3006;
9000,Z,1700000026500000000,-3.0000,-0.0000,8.4836;
9000,Z,1700000026550000000,-2.6730,0.9080,8.9536;
9000,Z,1700000026600000000,-1.7634,1.6180,9.6080;
9000,Z,1700000026650000000,-0.4693,1.9754,10.3044;
9000,Z,1700000026700000000,0.9271,1.9021,10.8907;
9000,Z,1700000026750000000,2.1213,1.4142,11.2393;
9000,Z,1700000026800000000,2.8532,0.6180,11.2742;
9000,Z,1700000026850000000,2.9631,-0.3129,10.9877;
9000,Z,1700000026900000000,2.4271,-1.1756,10.4423;
9000,Z,1700000026950000000,1.3620,-1.7820,9.7569;
9000,Z,1700000027000000000,0.0000,-2.0000,9.0809;
9000,Z,1700000027050000000,-1.3620,-1.7820,8.5616;
9000,Z,1700000027100000000,-2.4271,-1.1756,8.3123;
9000,Z,1700000027150000000,-2.9631,-0.3129,8.3873;
9000,Z,1700000027200000000,-2.8532,0.6180,8.7703;
9000,Z,1700000027250000000,-2.1213,1.4142,9.3777;
9000,Z,1700000027300000000,-0.9271,1.9021,10.0772;
9000,Z,1700000027350000000,0.4693,1.9754,10.7162;
9000,Z,1700000027400000000,1.7634,1.6180,11.1555;
9000,Z,1700000027450000000,2.6730,0.9080,11.2994;
9000,Z,1700000027500000000,3.0000,-0.0000,11.1164;
9000,Z,1700000027550000000,2.6730,-0.9080,10.6464;
9000,Z,1700000027600000000,1.7634,-1.6180,9.9920;
9000,Z,1700000027650000000,0.4693,-1.9754,9.2956;
9000,Z,1700000027700000000,-0.9271,-1.9021,8.7093;
9000,Z,1700000027750000000,-2.1213,-1.4142,8.3607;
9000,Z,1700000027800000000,-2.8532,-0.6180,8.3258;
9000,Z,1700000027850000000,-2.9631,0.3129,8.6123;
9000,Z,1700000027900000000,-2.4271,1.1756,9.1577;
9000,Z,1700000027950000000,-1.3620,1.7820,9.8431;
9000,Z,1700000028000000000,0.0000,2.0000,10.5191;
9000,Z,1700000028050000000,1.3620,1.7820,11.0384;
9000,Z,1700000028100000000,2.4271,1.1756,11.2877;
9000,Z,1700000028150000000,2.9631,0.3129,11.2127;
9000,Z,1700000028200000000,2.8532,-0.6180,10.8297;
9000,Z,1700000028250000000,2.1213,-1.4142,10.2223;
9000,Z,1700000028300000000,0.9271,-1.9021,9.5228;
9000,Z,1700000028350000000,-0.4693,-1.9754,8.8838;
9000,Z,1700000028400000000,-1.7634,-1.6180,8.4445;
9000,Z,1700000028450000000,-2.6730,-0.9080,8.3006;
9000,Z,1700000028500000000,-3.0000,-0.0000,8.4836;
9000,Z,1700000028550000000,-2.6730,0.9080,8.9536;
9000,Z,1700000028600000000,-1.7634,1.6180,9.6080;
9000,Z,1700000028650000000,-0.4693,1.9754,10.3044;
9000,Z,1700000028700000000,0.9271,1.9021,10.8907;
9000,Z,1700000028750000000,2.1213,1.4142,11.2393;
9000,Z,1700000028800000000,2.8532,0.6180,11.2742;
9000,Z,1700000028850000000,2.9631,-0.3129,10.9877;
9000,Z,1700000028900000000,2.4271,-1.1756,10.4423;
9000,Z,1700000028950000000,1.3620,-1.7820,9.7569;
9000,Z,1700000029000000000,0.0000,-2.0000,9.0809;
9000,Z,1700000029050000000,-1.3620,-1.7820,8.5616;
9000,Z,1700000029100000000,-2.4271,-1.1756,8.3123;
9000,Z,1700000029150000000,-2.9631,-0.3129,8.3873;
9000,Z,1700000029200000000,-2.8532,0.6180,8.7703;
9000,Z,1700000029250000000,-2.1213,1.4142,9.3777;
9000,Z,1700000029300000000,-0.9271,1.9021,10.0772;
9000,Z,1700000029350000000,0.4693,1.9754,10.7162;
9000,Z,1700000029400000000,1.7634,1.6180,11.1555;
9000,Z,1700000029450000000,2.6730,0.9080,11.2994;
9000,Z,1700000029500000000,3.0000,-0.0000,11.1164;
9000,Z,1700000029550000000,2.6730,-0.9080,10.6464;
9000,Z,1700000029600000000,1.7634,-1.6180,9.9920;
9000,Z,1700000029650000000,0.4693,-1.9754,9.2956;
9000,Z,1700000029700000000,-0.9271,-1.9021,8.7093;
9000,Z,1700000029750000000,-2.1213,-1.4142,8.3607;
9000,Z,1700000029800000000,-2.8532,-0.6180,8.3258;
9000,Z,1700000029850000000,-2.9631,0.3129,8.6123;
9000,Z,1700000029900000000,-2.4271,1.1756,9.1577;
9000,Z,1700000029950000000,-1.3620,1.7820,9.8431;
