9001,Z,1700000000000000000,0.0200,0.0100,9.8100;
9001,Z,1700000000050000000,0.0200,0.0100,9.8100;
9001,Z,1700000000100000000,0.0200,0.0100,9.8100;
9001,Z,1700000000150000000,0.0200,0.0100,9.8100;
9001,Z,1700000000200000000,0.0200,0.0100,9.8100;
9001,Z,1700000000250000000,0.0200,0.0100,9.8100;
9001,Z,1700000000300000000,0.0200,0.0100,9.8100;
9001,Z,1700000000350000000,0.0200,0.0100,9.8100;
9001,Z,1700000000400000000,0.0200,0.0100,9.8100;
9001,Z,1700000000450000000,0.0200,0.0100,9.8100;
9001,Z,1700000000500000000,0.0200,0.0100,9.8100;
9001,Z,1700000000550000000,0.0200,0.0100,9.8100;
9001,Z,1700000000600000000,0.0200,0.0100,9.8100;
9001,Z,1700000000650000000,0.0200,0.0100,9.8100;
9001,Z,1700000000700000000,0.0200,0.0100,9.8100;
9001,Z,1700000000750000000,0.0200,0.0100,9.8100;
9001,Z,1700000000800000000,0.0200,0.0100,9.8100;
9001,Z,1700000000850000000,0.0200,0.0100,9.8100;
9001,Z,1700000000900000000,0.0200,0.0100,9.8100;
9001,Z,1700000000950000000,0.0200,0.0100,9.8100;
9001,Z,1700000001000000000,0.0200,0.0100,9.8100;
9001,Z,1700000001050000000,0.0200,0.0100,9.8100;
9001,Z,1700000001100000000,0.0200,0.0100,9.8100;
9001,Z,1700000001150000000,0.0200,0.0100,9.8100;
9001,Z,1700000001200000000,0.0200,0.0100,9.8100;
9001,Z,1700000001250000000,0.0200,0.0100,9.8100;
9001,Z,1700000001300000000,0.0200,0.0100,9.8100;
9001,Z,1700000001350000000,0.0200,0.0100,9.8100;
9001,Z,1700000001400000000,0.0200,0.0100,9.8100;
9001,Z,1700000001450000000,0.0200,0.0100,9.8100;
9001,Z,1700000001500000000,0.0200,0.0100,9.8100;
9001,Z,1700000001550000000,0.0200,0.0100,9.8100;
9001,Z,1700000001600000000,0.0200,0.0100,9.8100;
9001,Z,1700000001650000000,0.0200,0.0100,9.8100;
9001,Z,1700000001700000000,0.0200,0.0100,9.8100;
9001,Z,1700000001750000000,0.0200,0.0100,9.8100;
9001,Z,1700000001800000000,0.0200,0.0100,9.8100;
9001,Z,1700000001850000000,0.0200,0.0100,9.8100;
9001,Z,1700000001900000000,0.0200,0.0100,9.8100;
9001,Z,1700000001950000000,0.0200,0.0100,9.8100;
9001,Z,1700000002000000000,0.0200,0.0100,9.8100;
9001,Z,1700000002050000000,0.0200,0.0100,9.8100;
9001,Z,1700000002100000000,0.0200,0.0100,9.8100;
9001,Z,1700000002150000000,0.0200,0.0100,9.8100;
9001,Z,1700000002200000000,0.0200,0.0100,9.8100;
9001,Z,1700000002250000000,0.0200,0.0100,9.8100;
9001,Z,1700000002300000000,0.0200,0.0100,9.8100;
9001,Z,1700000002350000000,0.0200,0.0100,9.8100;
9001,Z,1700000002400000000,0.0200,0.0100,9.8100;
9001,Z,1700000002450000000,0.0200,0.0100,9.8100;
9001,Z,1700000002500000000,0.0200,0.0100,9.8100;
9001,Z,1700000002550000000,0.0200,0.0100,9.8100;
9001,Z,1700000002600000000,0.0200,0.0100,9.8100;
9001,Z,1700000002650000000,0.0200,0.0100,9.8100;
9001,Z,1700000002700000000,0.0200,0.0100,9.8100;
9001,Z,1700000002750000000,0.0200,0.0100,9.8100;
9001,Z,1700000002800000000,0.0200,0.0100,9.8100;
9001,Z,1700000002850000000,0.0200,0.0100,9.8100;
9001,Z,1700000002900000000,0.0200,0.0100,9.8100;
9001,Z,1700000002950000000,0.0200,0.0100,9.8100;
9001,Z,1700000003000000000,0.0200,0.0100,9.8100;
9001,Z,1700000003050000000,0.0200,0.0100,9.8100;
9001,Z,1700000003100000000,0.0200,0.0100,9.8100;
9001,Z,1700000003150000000,0.0200,0.0100,9.8100;
9001,Z,1700000003200000000,0.0200,0.0100,9.8100;
9001,Z,1700000003250000000,0.0200,0.0100,9.8100;
9001,Z,1700000003300000000,0.0200,0.0100,9.8100;
9001,Z,1700000003350000000,0.0200,0.0100,9.8100;
9001,Z,1700000003400000000,0.0200,0.0100,9.8100;
9001,Z,1700000003450000000,0.0200,0.0100,9.8100;
9001,Z,1700000003500000000,0.0200,0.0100,9.8100;
9001,Z,1700000003550000000,0.0200,0.0100,9.8100;
9001,Z,1700000003600000000,0.0200,0.0100,9.8100;
9001,Z,1700000003650000000,0.0200,0.0100,9.8100;
9001,Z,1700000003700000000,0.0200,0.0100,9.8100;
9001,Z,1700000003750000000,0.0200,0.0100,9.8100;
9001,Z,1700000003800000000,0.0200,0.0100,9.8100;
9001,Z,1700000003850000000,0.0200,0.0100,9.8100;
9001,Z,1700000003900000000,0.0200,0.0100,9.8100;
9001,Z,1700000003950000000,0.0200,0.0100,9.8100;
9001,Z,1700000004000000000,0.0200,0.0100,9.8100;
9001,Z,1700000004050000000,0.0200,0.0100,9.8100;
9001,Z,1700000004100000000,0.0200,0.0100,9.8100;
9001,Z,1700000004150000000,0.0200,0.0100,9.8100;
9001,Z,1700000004200000000,0.0200,0.0100,9.8100;
9001,Z,1700000004250000000,0.0200,0.0100,9.8100;
9001,Z,1700000004300000000,0.0200,0.0100,9.8100;
9001,Z,1700000004350000000,0.0200,0.0100,9.8100;
9001,Z,1700000004400000000,0.0200,0.0100,9.8100;
9001,Z,1700000004450000000,0.0200,0.0100,9.8100;
9001,Z,1700000004500000000,0.0200,0.0100,9.8100;
9001,Z,1700000004550000000,0.0200,0.0100,9.8100;
9001,Z,1700000004600000000,0.0200,0.0100,9.8100;
9001,Z,1700000004650000000,0.0200,0.0100,9.8100;
9001,Z,1700000004700000000,0.0200,0.0100,9.8100;
9001,Z,1700000004750000000,0.0200,0.0100,9.8100;
9001,Z,1700000004800000000,0.0200,0.0100,9.8100;
9001,Z,1700000004850000000,0.0200,0.0100,9.8100;
9001,Z,1700000004900000000,0.0200,0.0100,9.8100;
9001,Z,1700000004950000000,0.0200,0.0100,9.8100;
9001,Z,1700000008000000000,-0.0100,0.0200,9.7900;
9001,Z,1700000008050000000,-0.0100,0.0200,9.7900;
9001,Z,1700000008100000000,-0.0100,0.0200,9.7900;
9001,Z,1700000008150000000,-0.0100,0.0200,9.7900;
9001,Z,1700000008200000000,-0.0100,0.0200,9.7900;
9001,Z,1700000008250000000,-0.0100,0.0200,9.7900;
9001,Z,1700000008300000000,-0.0100,0.0200,9.7900;
9001,Z,1700000008350000000,-0.0100,0.0200,9.7900;
9001,Z,1700000008400000000,-0.0100,0.0200,9.7900;
9001,Z,1700000008450000000,-0.0100,0.0200,9.7900;
9001,Z,1700000008500000000,-0.0100,0.0200,9.7900;
9001,Z,1700000008550000000,-0.0100,0.0200,9.7900;
9001,Z,1700000008600000000,-0.0100,0.0200,9.7900;
9001,Z,1700000008650000000,-0.0100,0.0200,9.7900;
9001,Z,1700000008700000000,-0.0100,0.0200,9.7900;
9001,Z,1700000008750000000,-0.0100,0.0200,9.7900;
9001,Z,1700000008800000000,-0.0100,0.0200,9.7900;
9001,Z,1700000008850000000,-0.0100,0.0200,9.7900;
9001,Z,1700000008900000000,-0.0100,0.0200,9.7900;
9001,Z,1700000008950000000,-0.0100,0.0200,9.7900;
9001,Z,1700000009000000000,-0.0100,0.0200,9.7900;
9001,Z,1700000009050000000,-0.0100,0.0200,9.7900;
9001,Z,1700000009100000000,-0.0100,0.0200,9.7900;
9001,Z,1700000009150000000,-0.0100,0.0200,9.7900;
9001,Z,1700000009200000000,-0.0100,0.0200,9.7900;
9001,Z,1700000009250000000,-0.0100,0.0200,9.7900;
9001,Z,1700000009300000000,-0.0100,0.0200,9.7900;
9001,Z,1700000009350000000,-0.0100,0.0200,9.7900;
9001,Z,1700000009400000000,-0.0100,0.0200,9.7900;
9001,Z,1700000009450000000,-0.0100,0.0200,9.7900;
9001,Z,1700000009500000000,-0.0100,0.0200,9.7900;
9001,Z,1700000009550000000,-0.0100,0.0200,9.7900;
9001,Z,1700000009600000000,-0.0100,0.0200,9.7900;
9001,Z,1700000009650000000,-0.0100,0.0200,9.7900;
9001,Z,1700000009700000000,-0.0100,0.0200,9.7900;
9001,Z,1700000009750000000,-0.0100,0.0200,9.7900;
9001,Z,1700000009800000000,-0.0100,0.0200,9.7900;
9001,Z,1700000009850000000,-0.0100,0.0200,9.7900;
9001,Z,1700000009900000000,-0.0100,0.0200,9.7900;
9001,Z,1700000009950000000,-0.0100,0.0200,9.7900;
9001,Z,1700000010000000000,0.0000,0.0000,9.8000;
9001,Z,1700000010000000000,0.0000,0.0000,9.8000;
9001,Z,1700000010050000000,0.0000,-0.0200,9.8000;
9001,Z,1700000010100000000,0.0000,-0.0200,9.8000;
9001,Z,1700000010150000000,0.0000,-0.0200,9.8000;
9001,Z,1700000010200000000,0.0000,-0.0200,9.8000;
9001,Z,1700000010250000000,0.0000,-0.0200,9.8000;
9001,Z,1700000010300000000,0.0000,-0.0200,9.8000;
9001,Z,1700000010350000000,0.0000,-0.0200,9.8000;
9001,Z,1700000010400000000,0.0000,-0.0200,9.8000;
9001,Z,1700000010450000000,0.0000,-0.0200,9.8000;
9001,Z,1700000010500000000,0.0000,-0.0200,9.8000;
9001,Z,1700000010550000000,0.0000,-0.0200,9.8000;
9001,Z,1700000010600000000,0.0000,-0.0200,9.8000;
9001,Z,1700000010650000000,0.0000,-0.0200,9.8000;
9001,Z,1700000010700000000,0.0000,-0.0200,9.8000;
9001,Z,1700000010750000000,0.0000,-0.0200,9.8000;
9001,Z,1700000010800000000,0.0000,-0.0200,9.8000;
9001,Z,1700000010850000000,0.0000,-0.0200,9.8000;
9001,Z,1700000010900000000,0.0000,-0.0200,9.8000;
9001,Z,1700000010950000000,0.0000,-0.0200,9.8000;
9001,Z,1700000011000000000,0.0000,-0.0200,9.8000;
9001,Z,1700000011050000000,0.0000,-0.0200,9.8000;
9001,Z,1700000011100000000,0.0000,-0.0200,9.8000;
9001,Z,1700000011150000000,0.0000,-0.0200,9.8000;
9001,Z,1700000011200000000,0.0000,-0.0200,9.8000;
9001,Z,1700000011250000000,0.0000,-0.0200,9.8000;
9001,Z,1700000011300000000,0.0000,-0.0200,9.8000;
9001,Z,1700000011350000000,0.0000,-0.0200,9.8000;
9001,Z,1700000011400000000,0.0000,-0.0200,9.8000;
9001,Z,1700000011450000000,0.0000,-0.0200,9.8000;
9001,Z,1700000011500000000,0.0000,-0.0200,9.8000;
9001,Z,1700000011550000000,0.0000,-0.0200,9.8000;
9001,Z,1700000011600000000,0.0000,-0.0200,9.8000;
9001,Z,1700000011650000000,0.0000,-0.0200,9.8000;
9001,Z,1700000011700000000,0.0000,-0.0200,9.8000;
9001,Z,1700000011750000000,0.0000,-0.0200,9.8000;
9001,Z,1700000011800000000,0.0000,-0.0200,9.8000;
9001,Z,1700000011850000000,0.0000,-0.0200,9.8000;
9001,Z,1700000011900000000,0.0000,-0.0200,9.8000;
9001,Z,1700000011950000000,0.0000,-0.0200,9.8000;
9001,Z,1700000012000000000,0.0000,-0.0200,9.8000;
9001,Z,1700000012050000000,0.0000,-0.0200,9.8000;
9001,Z,1700000012100000000,0.0000,-0.0200,9.8000;
9001,Z,1700000012150000000,0.0000,-0.0200,9.8000;
9001,Z,1700000012200000000,0.0000,-0.0200,9.8000;
9001,Z,1700000012250000000,0.0000,-0.0200,9.8000;
9001,Z,1700000012300000000,0.0000,-0.0200,9.8000;
9001,Z,1700000012350000000,0.0000,-0.0200,9.8000;
9001,Z,1700000012400000000,0.0000,-0.0200,9.8000;
9001,Z,1700000012450000000,0.0000,-0.0200,9.8000;
9001,Z,1700000012500000000,0.0000,-0.0200,9.8000;
9001,Z,1700000012550000000,0.0000,-0.0200,9.8000;
9001,Z,1700000012600000000,0.0000,-0.0200,9.8000;
9001,Z,1700000012650000000,0.0000,-0.0200,9.8000;
9001,Z,1700000012700000000,0.0000,-0.0200,9.8000;
9001,Z,1700000012750000000,0.0000,-0.0200,9.8000;
9001,Z,1700000012800000000,0.0000,-0.0200,9.8000;
9001,Z,1700000012850000000,0.0000,-0.0200,9.8000;
9001,Z,1700000012900000000,0.0000,-0.0200,9.8000;
9001,Z,1700000012950000000,0.0000,-0.0200,9.8000;
9001,Z,1700000013000000000,0.0000,-0.0200,9.8000;
